2595,35
10,1
18,1
10,3
18,3
9,1
14,1
9,3
14,256
8,1
14,3
13,1
8,3
7,12
7,10
7,4
7,1
6,6
13,18
6,1
6,5
13,3
6,3
5,1
5,4
4,40
4,39
4,4
4,1
3,1
3,3
0,702
0,693
0,688
0,666
0,659
0,656
0,655
0,612
0,610
0,545
0,531
0,526
0,524
0,520
0,510
0,504
0,501
0,496
0,488
0,481
0,480
0,477
0,464
0,462
0,450
0,446
0,445
0,444
0,439
0,435
0,434
0,428
0,427
0,421
0,415
0,414
0,413
0,411
0,409
0,408
0,404
2,2
2,1
0,399
0,397
2,3
0,395
0,394
0,393
0,390
0,383
0,356
0,324
0,314
0,308
0,304
0,301
0,278
0,277
0,243
0,0
2595,34
2595,33
2595,32
2595,31
2595,30
2595,29
2595,28
2595,27
2595,26
2595,25
2595,24
2595,23
2595,22
2595,21
2595,20
2595,19
2595,18
2595,17
2595,16
2595,15
2595,14
2595,13
2595,12
2595,11
2595,10
2595,9
2595,8
2595,7
2595,6
2595,5
2595,4
2595,3
2595,2
2595,0
0,523
0,609
0,572
0,590
0,568
0,589
0,285
0,536
0,530
0,533
0,498
0,471
0,465
0,433
0,457
0,468
0,9
0,672
0,564
0,561
0,558
0,549
0,525
0,522
0,519
0,573
0,569
0,563
0,559
0,555
0,551
0,546
0,537
0,529
0,517
0,373
0,505
0,493
0,485
0,466
0,469
0,470
0,454
0,426
0,416
0,398
0,382
0,479
0,449
0,302
0,478
0,565
0,518
0,461
0,556
0,422
0,553
0,541
0,299
0,295
0,538
0,512
0,490
0,495
0,535
0,313
0,472
0,452
0,418
0,441
0,442
0,276
0,560
0,567
0,566
0,548
0,514
0,474
0,448
0,420
0,275
0,272
0,271
0,396
0,12
0,319
0,10
0,417
0,8
0,542
0,274
0,268
0,369
0,267
0,482
0,368
0,266
0,432
0,392
0,265
0,643
0,367
0,264
0,312
0,366
0,263
0,438
0,437
0,365
0,262
0,431
0,391
0,261
0,675
0,364
0,260
0,509
0,363
0,259
0,486
0,362
0,258
0,500
0,389
0,257
0,648
0,361
0,256
0,690
0,360
0,255
0,699
0,359
0,254
0,673
0,388
0,253
0,532
0,358
0,252
0,695
0,357
0,251
0,647
0,355
0,250
0,700
0,387
0,249
0,310
0,354
0,248
0,372
0,353
0,247
0,657
0,352
0,246
0,696
0,386
0,245
0,384
0,351
0,244
0,371
0,350
0,242
0,698
0,349
0,241
0,684
0,407
0,240
0,494
0,348
0,239
0,641
0,347
0,238
11,3
11,1
12,1
13,0
13,4
13,5
13,8
13,9
13,10
13,11
13,12
13,14
13,15
13,16
13,19
13,20
14,2
14,5
14,10
14,12
14,13
14,15
14,16
20,3
14,24
14,26
14,34
14,66
20,1
14,76
14,77
14,80
14,81
14,99
14,105
14,107
14,109
14,110
14,112
14,113
14,115
14,116
14,118
14,120
14,121
14,123
14,124
14,126
14,128
14,129
14,131
14,132
14,134
14,136
14,137
14,139
14,140
14,142
14,143
14,145
14,147
14,148
14,150
14,151
14,153
14,155
14,156
14,158
14,159
14,161
14,162
14,164
14,166
14,167
14,169
14,170
14,172
14,174
14,175
14,177
14,178
14,180
14,181
14,183
14,185
14,186
14,188
14,189
14,191
14,258
14,259
15,3
15,1
16,1
17,3
17,1
112,1
112,3
112,4
112,6
112,10
11,2
112,12
112,14
112,15
112,21
113,3
10,2
115,3
115,4
167,4
167,5
168,5
867,1
867,4
876,4
881,3
904,3
906,3
3,2
906,5
907,3
907,6
908,1
908,4
911,3
911,1
916,3
916,4
917,3
917,5
917,6
917,8
917,9
918,3
919,3
920,1
921,4
929,1
929,5
929,6
933,4
933,6
945,0
945,3
945,4
945,6
945,8
945,9
947,4
947,5
947,7
947,8
947,10
947,13
947,14
947,16
947,17
947,19
947,21
947,22
948,4
948,5
950,1
950,3
951,3
957,3
957,4
958,1
958,3
958,5
962,4
967,1
967,3
967,4
968,3
968,4
981,3
981,6
981,9
982,3
983,4
986,4
986,6
986,7
986,9
986,10
986,12
988,0
988,1
988,3
988,4
988,6
